,-90
,68
,142,180,177
,203,5,-152
,19
,26
,189
,-194,16
,-141
,-244,166
,29
,58,22
,-11
,-97
,-29,-102
,20
,-162,134
,91
,187
,43



,-79
,230,30
,63
,167
,-118
,158
,-14
,246
,-82
,129
,40
,-226,110
,-174,-135
,-249
,133
,112,81,189,193
,-183
,174,-208
,36
,-208,92,-10
,183
,88,64
,-147
,192,-211,121
,178
,77
,130
,62
,183
,217
,93
,-105
,-217,128
,171
,231,-217
,165
,-199,196,-32
,100,230
,174
,227
,-69
,-181,228
,199
,-238,223,-146
,-170,23
,-54
,35,-109,216,158
,-215
,-189
,-179,45
,-203
,43
,207
,-61,-146
,77
,-55
,183,202
,36
,213
,-238,184
,-182
,-152,-72,110
,-140
,15,-123,150
,-6,27
,-174
,62,77
,154
,-215,166,206
,9,212
,193
,199
,7,-124
,88,-40,209
,117
,-161
,-51
,-31
,-230,-150
,115,-91
,-117
,-218
,-61
,-6,-35,-223
,129
,-5
,-13,42,-109,-202
,192,156,-23,33,-224
,-230
,-35,46
,-72
,60
,-207
,7
,-111
,172
,-10
,-54
,-158
,115
,-90
,-214
,-14
,224,-153
,230,-132
,147
,186,220,-66,224
,153,-131
,38
,63
,56,189
,163
